# Avida average data
# Tue May 30 11:40:07 2006
#  1: update
#  2: average merit
#  3: average gestation time
#  4: average fitness
#  5: repro rate?
#  6: average size
#  7: average copied size
#  8: average executed size
#  9: average abundance?
# 10: proportion of organisms that gave birth in this update
# 11: proportion of breed true organisms
# 12: average genotype depth
# 13: average generation
# 14: average neutral metric
# 15: average lineage label
# 16: true replication rate (based on births/update, time-averaged)

0 0.000000 0.000000 0.000000 0.000000 0.000000 0.000000 0.000000 0.000000 1.000000 1.000000 0.000000 0.000000 0.000000 0.000000 0.000000 
1 0 0 0 0 0 0 0 0 0 0 0 0 0 0 0 
2 0 0 0 0 0 0 0 0 0 0 0 0 0 0 0 
3 0 0 0 0 0 0 0 0 0 0 0 0 0 0 0 
4 0 0 0 0 0 0 0 0 0 0 0 0 0 0 0 
5 0 0 0 0 0 0 0 0 0 0 0 0 0 0 0 
6 0 0 0 0 0 0 0 0 0 0 0 0 0 0 0 
7 0 0 0 0 0 0 0 0 0 0 0 0 0 0 0 
8 0 0 0 0 0 0 0 0 0 0 0 0 0 0 0 
9 0 0 0 0 0 0 0 0 0 0 0 0 0 0 0 
10 0 0 0 0 0 0 0 0 0 0 0 0 0 0 0 
11 0 0 0 0 0 0 0 0 0 0 0 0 0 0 0 
12 97 386 0.251295 0 100 100 97 1 0.5 0 0.5 1 -0.13932 0 0 
13 97 386 0.251295 0 100 100 97 1 0 0 0.5 1 -0.13932 0 0 
14 97 386 0.251295 0 100 100 97 1 0 0 0.5 1 -0.13932 0 0 
15 97 386 0.251295 0 100 100 97 1 0 0 0.5 1 -0.13932 0 0 
16 97 386 0.251295 0 100 100 97 1 0 0 0.5 1 -0.13932 0 0 
17 97 386 0.251295 0 100 100 97 1 0 0 0.5 1 -0.13932 0 0 
18 97 386 0.251295 0 100 100 97 1 0 0 0.5 1 -0.13932 0 0 
19 97 386 0.251295 0 100 100 97 1 0 0 0.5 1 -0.13932 0 0 
20 97 386 0.251295 0 100 100 97 1 0 0 0.5 1 -0.13932 0 0 
21 97 386 0.251295 0 100 100 97 1 0 0 0.5 1 -0.13932 0 0 
22 97 386 0.251295 0 100 100 97 1 0 0 0.5 1 -0.13932 0 0 
23 97 386 0.251295 0 100 100 97 1 0 0 0.5 1 -0.13932 0 0 
24 97 386 0.251295 0 100 100 97 1 0 0 0.5 1 -0.13932 0 0 
25 97 385.5 0.251622 0 100 100 97 2 0.5 0.5 0.5 2 -0.077225 0 0 
26 97 385.5 0.251622 0 100 100 97 2 0 0 0.5 2 -0.077225 0 0 
27 97 385.5 0.251622 0 100 100 97 2 0 0 0.5 2 -0.077225 0 0 
28 97 385.5 0.251622 0 100 100 97 2 0 0 0.5 2 -0.077225 0 0 
29 97 385.5 0.251622 0 100 100 97 2 0 0 0.5 2 -0.077225 0 0 
30 97 385.5 0.251622 0 100 100 97 2 0 0 0.5 2 -0.077225 0 0 
31 97 385.5 0.251622 0 100 100 97 2 0 0 0.5 2 -0.077225 0 0 
32 97 385.5 0.251622 0 100 100 97 2 0 0 0.5 2 -0.077225 0 0 
33 97 385.5 0.251622 0 100 100 97 2 0 0 0.5 2 -0.077225 0 0 
34 97 385.5 0.251622 0 100 100 97 2 0 0 0.5 2 -0.077225 0 0 
35 97 385.5 0.251622 0 100 100 97 2 0 0 0.5 2 -0.077225 0 0 
36 97 385.5 0.251622 0 100 100 97 2 0 0 0.5 2 -0.077225 0 0 
37 97 385.5 0.251622 0 100 100 97 2 0 0 0.5 2 -0.077225 0 0 
38 97 385.5 0.251622 0 100 100 97 4 0.5 0.5 0.5 3 -0.47452 0 0 
39 97 385.5 0.251622 0 100 100 97 4 0 0 0.5 3 -0.47452 0 0 
40 97 385.5 0.251622 0 100 100 97 4 0 0 0.5 3 -0.47452 0 0 
41 97 385.5 0.251622 0 100 100 97 4 0 0 0.5 3 -0.47452 0 0 
42 97 385.5 0.251622 0 100 100 97 4 0 0 0.5 3 -0.47452 0 0 
43 97 385.5 0.251622 0 100 100 97 4 0 0 0.5 3 -0.47452 0 0 
44 97 385.5 0.251622 0 100 100 97 4 0 0 0.5 3 -0.47452 0 0 
45 97 385.5 0.251622 0 100 100 97 4 0 0 0.5 3 -0.47452 0 0 
46 97 385.5 0.251622 0 100 100 97 4 0 0 0.5 3 -0.47452 0 0 
47 97 385.5 0.251622 0 100 100 97 4 0 0 0.5 3 -0.47452 0 0 
48 97 385.5 0.251622 0 100 100 97 4 0 0 0.5 3 -0.47452 0 0 
49 97 385.5 0.251622 0 100 100 97 4 0 0 0.5 3 -0.47452 0 0 
50 97 385.5 0.251622 0 100 100 97 4 0 0 0.5 3 -0.47452 0 0 
51 97 385.5 0.251622 0 100 100 97 2.28571 0.5 0.1875 0.8125 4 -0.660959 0 0 
52 97 385.5 0.251622 0 100 100 97 2.28571 0 0 0.8125 4 -0.660959 0 0 
53 97 385.5 0.251622 0 100 100 97 2.28571 0 0 0.8125 4 -0.660959 0 0 
54 97 385.5 0.251622 0 100 100 97 2.28571 0 0 0.8125 4 -0.660959 0 0 
55 97 385.5 0.251622 0 100 100 97 2.28571 0 0 0.8125 4 -0.660959 0 0 
56 97 385.5 0.251622 0 100 100 97 2.28571 0 0 0.8125 4 -0.660959 0 0 
57 97 385.5 0.251622 0 100 100 97 2.28571 0 0 0.8125 4 -0.660959 0 0 
58 97 385.5 0.251622 0 100 100 97 2.28571 0 0 0.8125 4 -0.660959 0 0 
59 97 385.5 0.251622 0 100 100 97 2.28571 0 0 0.8125 4 -0.660959 0 0 
60 97 385.5 0.251622 0 100 100 97 2.28571 0 0 0.8125 4 -0.660959 0 0 
61 97 385.5 0.251622 0 100 100 97 2.28571 0 0 0.8125 4 -0.660959 0 0 
62 97 385.5 0.251622 0 100 100 97 2.28571 0 0 0.8125 4 -0.660959 0 0 
63 97 385.5 0.251622 0 100 100 97 2.28571 0 0 0.8125 4 -0.660959 0 0 
64 97 385.161 0.251844 0 100 100 97 2.81818 0.516129 0.387097 0.903226 5 -0.869667 0 0 
65 97 385.161 0.251844 0 100 100 97 2.81818 0 0 0.903226 5 -0.869667 0 0 
66 97 385.161 0.251844 0 100 100 97 2.81818 0 0 0.903226 5 -0.869667 0 0 
67 97 385.161 0.251844 0 100 100 97 2.81818 0 0 0.903226 5 -0.869667 0 0 
68 97 385.161 0.251844 0 100 100 97 2.81818 0 0 0.903226 5 -0.869667 0 0 
69 97 385.161 0.251844 0 100 100 97 2.81818 0 0 0.903226 5 -0.869667 0 0 
70 97 385.161 0.251844 0 100 100 97 2.81818 0 0 0.903226 5 -0.869667 0 0 
71 97 385.161 0.251844 0 100 100 97 2.81818 0 0 0.903226 5 -0.869667 0 0 
72 97 385.161 0.251844 0 100 100 97 2.81818 0 0 0.903226 5 -0.869667 0 0 
73 97 385.161 0.251844 0 100 100 97 2.81818 0 0 0.903226 5 -0.869667 0 0 
74 97 385.161 0.251844 0 100 100 97 2.81818 0 0 0.903226 5 -0.869667 0 0 
75 97 385.161 0.251844 0 100 100 97 2.81818 0 0 0.903226 5 -0.869667 0 0 
76 97 385.161 0.251844 0 100 100 97 2.81818 0 0 0.903226 5 -0.869667 0 0 
77 97 385.08 0.251897 0 100 100 97 2.17391 0.56 0.32 1.14 5.98 -1.05012 0 0 
78 97 385.08 0.251897 0 100 100 97 2.17391 0 0 1.14 5.98 -1.05012 0 0 
79 97 385.08 0.251897 0 100 100 97 2.17391 0 0 1.14 5.98 -1.05012 0 0 
80 97 385.08 0.251897 0 100 100 97 2.17391 0 0 1.14 5.98 -1.05012 0 0 
81 97 385.08 0.251897 0 100 100 97 2.17391 0 0 1.14 5.98 -1.05012 0 0 
82 97 385.08 0.251897 0 100 100 97 2.17391 0 0 1.14 5.98 -1.05012 0 0 
83 97.0392 391.314 0.249082 0 100 100 97.0392 2.21739 0.0196078 0.0196078 1.15686 6 -1.07153 0 0 
84 97.0392 391.314 0.249082 0 100 100 97.0392 2.21739 0 0 1.15686 6 -1.07153 0 0 
85 97.0392 391.314 0.249082 0 100 100 97.0392 2.21739 0 0 1.15686 6 -1.07153 0 0 
86 97.0392 391.314 0.249082 0 100 100 97.0392 2.21739 0 0 1.15686 6 -1.07153 0 0 
87 97.0392 391.314 0.249082 0 100 100 97.0392 2.21739 0 0 1.15686 6 -1.07153 0 0 
88 97.0392 391.314 0.249082 0 100 100 97.0392 2.21739 0 0 1.15686 6 -1.07153 0 0 
89 97.0392 391.314 0.249082 0 100 100 97.0392 2.21739 0 0 1.15686 6 -1.07153 0 0 
90 97.0139 387.069 0.251044 0 100 100 97.0139 2.11765 0.541667 0.333333 1.30556 6.94444 -1.11134 0 0 
91 97.0139 387.069 0.251044 0 100 100 97.0139 2.11765 0 0 1.30556 6.94444 -1.11134 0 0 
92 97.0139 387.069 0.251044 0 100 100 97.0139 2.11765 0 0 1.30556 6.94444 -1.11134 0 0 
93 97.0139 387.069 0.251044 0 100 100 97.0139 2.11765 0 0 1.30556 6.94444 -1.11134 0 0 
94 97.0139 387.069 0.251044 0 100 100 97.0139 2.11765 0 0 1.30556 6.94444 -1.11134 0 0 
95 97.0139 387.069 0.251044 0 100 100 97.0139 2.11765 0 0 1.30556 6.94444 -1.11134 0 0 
96 97.0139 387.069 0.251044 0 100 100 97.0139 2.11765 0 0 1.30556 6.94444 -1.11134 0 0 
97 97.0139 387.069 0.251044 0 100 100 97.0139 2.11765 0 0 1.30556 6.94444 -1.11134 0 0 
98 97.0139 387.069 0.251044 0 100 100 97.0139 2.11765 0 0 1.30556 6.94444 -1.11134 0 0 
99 97.0139 387.069 0.251044 0 100 100 97.0139 2.11765 0 0 1.30556 6.94444 -1.11134 0 0 
100 97.0139 387.069 0.251044 0 100 100 97.0139 2.11765 0 0 1.30556 6.94444 -1.11134 0 0 
101 97.0274 389.219 0.250073 0 100 100 97.0274 2.14706 0.0136986 0.0136986 1.31507 6.9589 -1.09518 0 0 
102 97.0274 389.219 0.250073 0 100 100 97.0274 2.14706 0 0 1.31507 6.9589 -1.09518 0 0 
103 97 388.011 0.250613 0 100 100 97 2.08889 0.585106 0.382979 1.43617 7.91489 -1.06219 0 0 
104 97 388.011 0.250613 0 100 100 97 2.08889 0 0 1.43617 7.91489 -1.06219 0 0 
105 97 388.011 0.250613 0 100 100 97 2.08889 0 0 1.43617 7.91489 -1.06219 0 0 
106 97 388.011 0.250613 0 100 100 97 2.08889 0 0 1.43617 7.91489 -1.06219 0 0 
107 97 388.011 0.250613 0 100 100 97 2.08889 0 0 1.43617 7.91489 -1.06219 0 0 
108 97 388.011 0.250613 0 100 100 97 2.08889 0 0 1.43617 7.91489 -1.06219 0 0 
109 97 388.011 0.250613 0 100 100 97 2.08889 0 0 1.43617 7.91489 -1.06219 0 0 
110 97.0211 392.179 0.248856 0 100 100 97.0211 2.06522 0.0105263 0 1.45263 7.92632 -1.04332 0 0 
111 97.0211 392.179 0.248856 0 100 100 97.0211 2.06522 0 0 1.45263 7.92632 -1.04332 0 0 
112 97.0211 392.179 0.248856 0 100 100 97.0211 2.06522 0 0 1.45263 7.92632 -1.04332 0 0 
113 97.0211 392.179 0.248856 0 100 100 97.0211 2.06522 0 0 1.45263 7.92632 -1.04332 0 0 
114 97.0211 392.179 0.248856 0 100 100 97.0211 2.06522 0 0 1.45263 7.92632 -1.04332 0 0 
115 97.0206 391.897 0.249009 0 100 100 97.0206 2.06383 0.0309278 0.0103093 1.53608 7.98969 -1.10395 0 0 
116 97.0234 390.109 0.249819 0 100 100 97.0234 2 0.5625 0.328125 1.6875 8.90625 -1.07366 0 0 
117 97.0234 390.109 0.249819 0 100 100 97.0234 2 0 0 1.6875 8.90625 -1.07366 0 0 
118 97.0234 390.109 0.249819 0 100 100 97.0234 2 0 0 1.6875 8.90625 -1.07366 0 0 
119 97.0312 391.367 0.249248 0 100 100 97.0312 1.96923 0.015625 0.0078125 1.6875 8.91406 -1.09898 0 0 
120 97.0312 391.367 0.249248 0 100 100 97.0312 1.96923 0 0 1.6875 8.91406 -1.09898 0 0 
121 97.0312 391.367 0.249248 0 100 100 97.0312 1.96923 0 0 1.6875 8.91406 -1.09898 0 0 
122 97.0312 391.367 0.249248 0 100 100 97.0312 1.96923 0 0 1.6875 8.91406 -1.09898 0 0 
123 97.0312 391.367 0.249248 0 100 100 97.0312 1.96923 0 0 1.6875 8.91406 -1.09898 0 0 
124 97.0312 391.367 0.249248 0 100 100 97.0312 1.96923 0 0 1.6875 8.91406 -1.09898 0 0 
125 97.0312 391.367 0.249248 0 100 100 97.0312 1.96923 0 0 1.6875 8.91406 -1.09898 0 0 
126 97.0312 391.367 0.249248 0 100 100 97.0312 1.96923 0 0 1.6875 8.91406 -1.09898 0 0 
127 97.0312 391.367 0.249248 0 100 100 97.0312 1.96923 0 0 1.6875 8.91406 -1.09898 0 0 
128 97.031 391.24 0.24932 0 100 100 97.031 1.95455 0.0310078 0.0232558 1.72093 8.96124 -1.09107 0 0 
129 98.1198 389.647 0.252891 0 100 100 96.9581 1.96471 0.54491 0.359281 1.8982 9.88623 -1.0567 0 0 
130 98.1257 390.844 0.252385 0 100 100 96.9641 1.96471 0.00598802 0 1.8982 9.88623 -1.06964 0 0 
131 98.1257 390.844 0.252385 0 100 100 96.9641 1.96471 0 0 1.8982 9.88623 -1.06964 0 0 
132 98.1257 390.844 0.252385 0 100 100 96.9641 1.96471 0 0 1.8982 9.88623 -1.06964 0 0 
133 98.1257 390.844 0.252385 0 100 100 96.9641 1.96471 0 0 1.8982 9.88623 -1.06964 0 0 
134 98.1257 390.844 0.252385 0 100 100 96.9641 1.96471 0 0 1.8982 9.88623 -1.06964 0 0 
135 99.2738 390.792 0.25541 0 100 100 96.9643 1.95349 0.0119048 0.00595238 1.90476 9.91071 -1.03831 0 0 
136 99.2738 390.792 0.25541 0 100 100 96.9643 1.95349 0 0 1.90476 9.91071 -1.03831 0 0 
137 99.2917 393.583 0.254139 0 100 100 96.9821 1.95349 0.0178571 0.0119048 1.91071 9.91071 -1.04406 0 0 
138 99.2917 393.583 0.254139 0 100 100 96.9821 1.95349 0 0 1.91071 9.91071 -1.04406 0 0 
139 99.2917 393.583 0.254139 0 100 100 96.9821 1.95349 0 0 1.91071 9.91071 -1.04406 0 0 
140 99.2917 393.583 0.254139 0 100 100 96.9821 1.95349 0 0 1.91071 9.91071 -1.04406 0 0 
141 99.1598 393.296 0.253968 0 100 100 96.8639 1.94253 0.0236686 0.0118343 1.9645 9.95858 -1.12308 0 0 
142 100.099 389.688 0.25813 0 100 100 96.7376 1.81982 0.430693 0.237624 2.21782 10.7327 -1.33626 0 0 
143 100.024 388.895 0.258269 0 100 100 96.7905 1.82609 0.128571 0.0714286 2.12381 10.8905 -1.25501 0 0 
144 100.024 388.895 0.258269 0 100 100 96.7905 1.82609 0 0 2.12381 10.8905 -1.25501 0 0 
145 100.024 388.895 0.258269 0 100 100 96.7905 1.82609 0 0 2.12381 10.8905 -1.25501 0 0 
146 100.033 389.857 0.25779 0 100 100 96.8 1.82609 0.0047619 0.0047619 2.13333 10.8952 -1.26541 0 0 
147 100.033 389.857 0.25779 0 100 100 96.8 1.82609 0 0 2.13333 10.8952 -1.26541 0 0 
148 100.92 389.774 0.260162 0 100 100 96.8019 1.84348 0.00943396 0.00943396 2.14151 10.9245 -1.21607 0 0 
149 102.243 389.706 0.263651 0 100 100 96.8037 1.84483 0.0280374 0.0186916 2.14953 10.9813 -1.13128 0 0 
150 102.243 389.706 0.263651 0 100 100 96.8037 1.84483 0 0 2.14953 10.9813 -1.13128 0 0 
151 102.243 389.706 0.263651 0 100 100 96.8037 1.84483 0 0 2.14953 10.9813 -1.13128 0 0 
152 102.243 389.706 0.263651 0 100 100 96.8037 1.84483 0 0 2.14953 10.9813 -1.13128 0 0 
153 102.243 389.706 0.263651 0 100 100 96.8037 1.84483 0 0 2.14953 10.9813 -1.13128 0 0 
154 102.243 389.673 0.263673 0 100 100 96.8037 1.82906 0.0046729 0 2.16355 10.9907 -1.16634 0 0 
155 103.473 388.18 0.267754 0 100 100 96.6569 1.77037 0.292887 0.150628 2.41004 11.5481 -1.0275 0 0 
156 102.762 387.054 0.266391 0 100 100 96.5211 1.86429 0.321839 0.183908 2.33333 12.0421 -1.17934 0 0 
157 102.762 387.054 0.266391 0 100 100 96.5211 1.86429 0 0 2.33333 12.0421 -1.17934 0 0 
158 102.762 387.054 0.266391 0 100 100 96.5211 1.86429 0 0 2.33333 12.0421 -1.17934 0 0 
159 102.762 387.054 0.266391 0 100 100 96.5211 1.86429 0 0 2.33333 12.0421 -1.17934 0 0 
160 102.762 387.054 0.266391 0 100 100 96.5211 1.86429 0 0 2.33333 12.0421 -1.17934 0 0 
161 102.762 387.054 0.266391 0 100 100 96.5211 1.86429 0 0 2.33333 12.0421 -1.17934 0 0 
162 105.026 386.843 0.272489 0 100 100 96.4569 1.86713 0.0524345 0.0299625 2.35955 12.1798 -1.01844 0 0 
163 105.03 387.217 0.272303 0 100 100 96.4607 1.85417 0.00374532 0 2.37453 12.1835 -1.03641 0 0 
164 105.03 387.217 0.272303 0 100 100 96.4607 1.85417 0 0 2.37453 12.1835 -1.03641 0 0 
165 105.03 387.217 0.272303 0 100 100 96.4607 1.85417 0 0 2.37453 12.1835 -1.03641 0 0 
166 105.03 387.217 0.272303 0 100 100 96.4607 1.85417 0 0 2.37453 12.1835 -1.03641 0 0 
167 105.03 387.217 0.272303 0 100 100 96.4607 1.85417 0 0 2.37453 12.1835 -1.03641 0 0 
168 104.845 386.978 0.271962 0 100 100 96.4022 1.83108 0.0295203 0.0147601 2.42804 12.2362 -1.10885 0 0 
169 105.143 385.643 0.273442 0 100 100 96.2233 1.92308 0.316667 0.21 2.66667 12.7733 -0.970722 0 0 
170 104.928 385.573 0.273002 0 100 100 96.1121 1.92216 0.252336 0.165109 2.64486 13.1308 -0.859596 0 0 
171 104.707 385.377 0.272539 0 100 100 95.9722 1.88372 0.0246914 0.00925926 2.67284 13.1543 -0.895923 0 0 
172 104.707 385.377 0.272539 0 100 100 95.9722 1.88372 0 0 2.67284 13.1543 -0.895923 0 0 
173 104.707 385.377 0.272539 0 100 100 95.9722 1.88372 0 0 2.67284 13.1543 -0.895923 0 0 
174 104.707 385.377 0.272539 0 100 100 95.9722 1.88372 0 0 2.67284 13.1543 -0.895923 0 0 
175 104.716 386.364 0.2721 0 100 100 95.9815 1.88372 0.00617284 0.00617284 2.67284 13.1481 -0.851921 0 0 
176 107.626 386.38 0.279651 0 100 100 96.0517 1.8908 0.0577508 0.0364742 2.68085 13.3404 -0.716323 0 0 
177 107.626 386.38 0.279651 0 100 100 96.0517 1.8908 0 0 2.68085 13.3404 -0.716323 0 0 
178 107.827 386.336 0.280221 0 100 100 96.0242 1.88571 0.00606061 0.0030303 2.68485 13.3576 -0.693335 0 0 
179 107.906 386.227 0.280539 0 100 100 95.9366 1.89143 0.0060423 0.0060423 2.70091 13.3746 -0.67823 0 0 
180 107.906 386.227 0.280539 0 100 100 95.9366 1.89143 0 0 2.70091 13.3746 -0.67823 0 0 
181 107.909 386.535 0.280385 0 100 100 95.9396 1.89143 0.0060423 0.00302115 2.70393 13.3837 -0.658635 0 0 
182 107.751 386.335 0.280092 0 100 100 95.8892 1.85556 0.0239521 0.00598802 2.74551 13.4281 -0.735707 0 0 
183 109.014 385.311 0.283843 0 100 100 96.0245 1.86294 0.316076 0.20436 3.00272 14.0245 -0.601523 0 0 
184 108.25 384.557 0.282113 0 100 100 96.0885 1.86408 0.244792 0.153646 2.89844 14.3594 -0.738127 0 0 
185 108.313 384.456 0.282377 0 100 100 96.0155 1.86473 0.00777202 0.00518135 2.90415 14.3756 -0.705331 0 0 
186 107.959 384.172 0.281622 0 100 100 95.7872 1.90244 0.025641 0.0230769 2.90513 14.4026 -0.696664 0 0 
187 107.877 383.99 0.28161 0 100 100 95.6394 1.90732 0.00767263 0.00767263 2.92583 14.4194 -0.658138 0 0 
188 107.877 383.99 0.28161 0 100 100 95.6394 1.90732 0 0 2.92583 14.4194 -0.658138 0 0 
189 107.877 383.99 0.28161 0 100 100 95.6394 1.90732 0 0 2.92583 14.4194 -0.658138 0 0 
190 111.576 383.968 0.291271 0 100 100 95.7232 1.90047 0.0798005 0.0448878 2.95012 14.7107 -0.522411 0 0 
191 111.621 384 0.291348 0 100 100 95.7456 1.89151 0.00249377 0 2.95262 14.7157 -0.530963 0 0 
192 111.621 384 0.291348 0 100 100 95.7456 1.89151 0 0 2.95262 14.7157 -0.530963 0 0 
193 111.682 383.905 0.29162 0 100 100 95.6766 1.89623 0.00746269 0.00497512 2.9602 14.7388 -0.494361 0 0 
194 111.682 383.905 0.29162 0 100 100 95.6766 1.89623 0 0 2.9602 14.7388 -0.494361 0 0 
195 111.653 385.777 0.290804 0 100 100 95.6873 1.90094 0.00744417 0.00496278 2.96278 14.7419 -0.496432 0 0 
196 111.592 385.489 0.290924 0 100 100 95.5037 1.88426 0.029484 0.014742 3.01474 14.8059 -0.42475 0 0 
197 112.567 385.262 0.293581 0 100 100 95.5649 1.92593 0.09375 0.0745192 3.07933 15.0385 -0.31284 0 0 
198 112.227 384.84 0.292766 0 100 100 95.8112 1.83884 0.292135 0.175281 3.1618 15.4989 -0.307321 0 0 
199 111.584 385.139 0.290892 0 100 100 95.8802 1.81423 0.163399 0.104575 3.12854 15.6732 -0.349805 0 0 
