# Avida count data
# Tue May 30 11:40:07 2006
#  1: update
#  2: number of insts executed this update
#  3: number of organisms
#  4: number of different genotypes
#  5: number of different threshold genotypes
#  6: number of different species
#  7: number of different threshold species
#  8: number of different lineages
#  9: number of births in this update
# 10: number of deaths in this update
# 11: number of breed true
# 12: number of breed true organisms?
# 13: number of no-birth organisms
# 14: number of single-threaded organisms
# 15: number of multi-threaded organisms
# 16: number of modified organisms

0 30 1 1 1 0 0 0 1 0 1 1 1 1 0 0 
1 30 1 1 1 0 0 0 0 0 0 1 1 1 0 0 
2 30 1 1 1 0 0 0 0 0 0 1 1 1 0 0 
3 30 1 1 1 0 0 0 0 0 0 1 1 1 0 0 
4 30 1 1 1 0 0 0 0 0 0 1 1 1 0 0 
5 30 1 1 1 0 0 0 0 0 0 1 1 1 0 0 
6 30 1 1 1 0 0 0 0 0 0 1 1 1 0 0 
7 30 1 1 1 0 0 0 0 0 0 1 1 1 0 0 
8 30 1 1 1 0 0 0 0 0 0 1 1 1 0 0 
9 30 1 1 1 0 0 0 0 0 0 1 1 1 0 0 
10 30 1 1 1 0 0 0 0 0 0 1 1 1 0 0 
11 30 1 1 1 0 0 0 0 0 0 1 1 1 0 0 
12 30 2 2 2 0 0 0 1 0 0 1 1 2 0 0 
13 60 2 2 2 0 0 0 0 0 0 1 1 2 0 0 
14 60 2 2 2 0 0 0 0 0 0 1 1 2 0 0 
15 60 2 2 2 0 0 0 0 0 0 1 1 2 0 0 
16 60 2 2 2 0 0 0 0 0 0 1 1 2 0 0 
17 60 2 2 2 0 0 0 0 0 0 1 1 2 0 0 
18 60 2 2 2 0 0 0 0 0 0 1 1 2 0 0 
19 60 2 2 2 0 0 0 0 0 0 1 1 2 0 0 
20 60 2 2 2 0 0 0 0 0 0 1 1 2 0 0 
21 60 2 2 2 0 0 0 0 0 0 1 1 2 0 0 
22 60 2 2 2 0 0 0 0 0 0 1 1 2 0 0 
23 60 2 2 2 0 0 0 0 0 0 1 1 2 0 0 
24 60 2 2 2 0 0 0 0 0 0 1 1 2 0 0 
25 60 4 2 2 0 0 0 2 0 2 3 2 4 0 0 
26 120 4 2 2 0 0 0 0 0 0 3 2 4 0 0 
27 120 4 2 2 0 0 0 0 0 0 3 2 4 0 0 
28 120 4 2 2 0 0 0 0 0 0 3 2 4 0 0 
29 120 4 2 2 0 0 0 0 0 0 3 2 4 0 0 
30 120 4 2 2 0 0 0 0 0 0 3 2 4 0 0 
31 120 4 2 2 0 0 0 0 0 0 3 2 4 0 0 
32 120 4 2 2 0 0 0 0 0 0 3 2 4 0 0 
33 120 4 2 2 0 0 0 0 0 0 3 2 4 0 0 
34 120 4 2 2 0 0 0 0 0 0 3 2 4 0 0 
35 120 4 2 2 0 0 0 0 0 0 3 2 4 0 0 
36 120 4 2 2 0 0 0 0 0 0 3 2 4 0 0 
37 120 4 2 2 0 0 0 0 0 0 3 2 4 0 0 
38 120 8 2 2 0 0 0 4 0 4 7 4 8 0 0 
39 240 8 2 2 0 0 0 0 0 0 7 4 8 0 0 
40 240 8 2 2 0 0 0 0 0 0 7 4 8 0 0 
41 240 8 2 2 0 0 0 0 0 0 7 4 8 0 0 
42 240 8 2 2 0 0 0 0 0 0 7 4 8 0 0 
43 240 8 2 2 0 0 0 0 0 0 7 4 8 0 0 
44 240 8 2 2 0 0 0 0 0 0 7 4 8 0 0 
45 240 8 2 2 0 0 0 0 0 0 7 4 8 0 0 
46 240 8 2 2 0 0 0 0 0 0 7 4 8 0 0 
47 240 8 2 2 0 0 0 0 0 0 7 4 8 0 0 
48 240 8 2 2 0 0 0 0 0 0 7 4 8 0 0 
49 240 8 2 2 0 0 0 0 0 0 7 4 8 0 0 
50 240 8 2 2 0 0 0 0 0 0 7 4 8 0 0 
51 240 16 7 7 0 0 0 8 0 3 10 8 16 0 0 
52 480 16 7 7 0 0 0 0 0 0 10 8 16 0 0 
53 480 16 7 7 0 0 0 0 0 0 10 8 16 0 0 
54 480 16 7 7 0 0 0 0 0 0 10 8 16 0 0 
55 480 16 7 7 0 0 0 0 0 0 10 8 16 0 0 
56 480 16 7 7 0 0 0 0 0 0 10 8 16 0 0 
57 480 16 7 7 0 0 0 0 0 0 10 8 16 0 0 
58 480 16 7 7 0 0 0 0 0 0 10 8 16 0 0 
59 480 16 7 7 0 0 0 0 0 0 10 8 16 0 0 
60 480 16 7 7 0 0 0 0 0 0 10 8 16 0 0 
61 480 16 7 7 0 0 0 0 0 0 10 8 16 0 0 
62 480 16 7 7 0 0 0 0 0 0 10 8 16 0 0 
63 480 16 7 7 0 0 0 0 0 0 10 8 16 0 0 
64 480 31 11 11 0 0 0 16 1 12 21 15 31 0 0 
65 930 31 11 11 0 0 0 0 0 0 21 15 31 0 0 
66 930 31 11 11 0 0 0 0 0 0 21 15 31 0 0 
67 930 31 11 11 0 0 0 0 0 0 21 15 31 0 0 
68 930 31 11 11 0 0 0 0 0 0 21 15 31 0 0 
69 930 31 11 11 0 0 0 0 0 0 21 15 31 0 0 
70 930 31 11 11 0 0 0 0 0 0 21 15 31 0 0 
71 930 31 11 11 0 0 0 0 0 0 21 15 31 0 0 
72 930 31 11 11 0 0 0 0 0 0 21 15 31 0 0 
73 930 31 11 11 0 0 0 0 0 0 21 15 31 0 0 
74 930 31 11 11 0 0 0 0 0 0 21 15 31 0 0 
75 930 31 11 11 0 0 0 0 0 0 21 15 31 0 0 
76 930 31 11 11 0 0 0 0 0 0 21 15 31 0 0 
77 930 50 23 23 0 0 0 28 9 16 29 27 50 0 0 
78 1500 50 23 23 0 0 0 0 0 0 29 27 50 0 0 
79 1500 50 23 23 0 0 0 0 0 0 29 27 50 0 0 
80 1500 50 23 23 0 0 0 0 0 0 29 27 50 0 0 
81 1500 50 23 23 0 0 0 0 0 0 29 27 50 0 0 
82 1500 50 23 23 0 0 0 0 0 0 29 27 50 0 0 
83 1500 51 23 23 0 0 0 1 0 1 30 27 51 0 0 
84 1530 51 23 23 0 0 0 0 0 0 30 27 51 0 0 
85 1530 51 23 23 0 0 0 0 0 0 30 27 51 0 0 
86 1530 51 23 23 0 0 0 0 0 0 30 27 51 0 0 
87 1530 51 23 23 0 0 0 0 0 0 30 27 51 0 0 
88 1530 51 23 23 0 0 0 0 0 0 30 27 51 0 0 
89 1530 51 23 23 0 0 0 0 0 0 30 27 51 0 0 
90 1530 72 34 36 0 0 0 39 18 24 45 42 72 0 0 
91 2160 72 34 36 0 0 0 0 0 0 45 42 72 0 0 
92 2160 72 34 36 0 0 0 0 0 0 45 42 72 0 0 
93 2160 72 34 36 0 0 0 0 0 0 45 42 72 0 0 
94 2160 72 34 36 0 0 0 0 0 0 45 42 72 0 0 
95 2160 72 34 36 0 0 0 0 0 0 45 42 72 0 0 
96 2160 72 34 36 0 0 0 0 0 0 45 42 72 0 0 
97 2160 72 34 36 0 0 0 0 0 0 45 42 72 0 0 
98 2160 72 34 36 0 0 0 0 0 0 45 42 72 0 0 
99 2160 72 34 36 0 0 0 0 0 0 45 42 72 0 0 
100 2160 72 34 36 0 0 0 0 0 0 45 42 72 0 0 
101 2160 73 34 36 0 0 0 1 0 1 46 42 73 0 0 
102 2190 73 34 36 0 0 0 0 0 0 46 42 73 0 0 
103 2190 94 45 48 0 0 0 55 34 36 62 54 94 0 0 
104 2820 94 45 48 0 0 0 0 0 0 62 54 94 0 0 
105 2820 94 45 48 0 0 0 0 0 0 62 54 94 0 0 
106 2820 94 45 48 0 0 0 0 0 0 62 54 94 0 0 
107 2820 94 45 48 0 0 0 0 0 0 62 54 94 0 0 
108 2820 94 45 48 0 0 0 0 0 0 62 54 94 0 0 
109 2820 94 45 48 0 0 0 0 0 0 62 54 94 0 0 
110 2820 95 46 49 0 0 0 1 0 0 62 54 95 0 0 
111 2850 95 46 49 0 0 0 0 0 0 62 54 95 0 0 
112 2850 95 46 49 0 0 0 0 0 0 62 54 95 0 0 
113 2850 95 46 49 0 0 0 0 0 0 62 54 95 0 0 
114 2850 95 46 49 0 0 0 0 0 0 62 54 95 0 0 
115 2850 97 47 51 0 0 0 3 1 1 63 56 97 0 0 
116 2910 128 64 71 0 0 0 72 41 42 81 74 128 0 0 
117 3840 128 64 71 0 0 0 0 0 0 81 74 128 0 0 
118 3840 128 64 71 0 0 0 0 0 0 81 74 128 0 0 
119 3840 128 65 72 0 0 0 2 2 1 80 73 128 0 0 
120 3840 128 65 72 0 0 0 0 0 0 80 73 128 0 0 
121 3840 128 65 72 0 0 0 0 0 0 80 73 128 0 0 
122 3840 128 65 72 0 0 0 0 0 0 80 73 128 0 0 
123 3840 128 65 72 0 0 0 0 0 0 80 73 128 0 0 
124 3840 128 65 72 0 0 0 0 0 0 80 73 128 0 0 
125 3840 128 65 72 0 0 0 0 0 0 80 73 128 0 0 
126 3840 128 65 72 0 0 0 0 0 0 80 73 128 0 0 
127 3840 128 65 72 0 0 0 0 0 0 80 73 128 0 0 
128 3840 129 66 73 0 0 0 4 3 3 82 76 129 0 0 
129 3870 167 85 92 0 0 0 91 53 60 106 86 167 0 0 
130 5010 167 85 92 0 0 0 1 1 0 106 86 167 0 0 
131 5010 167 85 92 0 0 0 0 0 0 106 86 167 0 0 
132 5010 167 85 92 0 0 0 0 0 0 106 86 167 0 0 
133 5010 167 85 92 0 0 0 0 0 0 106 86 167 0 0 
134 5010 167 85 92 0 0 0 0 0 0 106 86 167 0 0 
135 5010 168 86 93 0 0 0 2 1 1 106 87 168 0 0 
136 5040 168 86 93 0 0 0 0 0 0 106 87 168 0 0 
137 5040 168 86 94 0 0 0 3 3 2 105 89 168 0 0 
138 5040 168 86 94 0 0 0 0 0 0 105 89 168 0 0 
139 5040 168 86 94 0 0 0 0 0 0 105 89 168 0 0 
140 5040 168 86 94 0 0 0 0 0 0 105 89 168 0 0 
141 5040 169 87 95 0 0 0 4 3 2 105 87 169 0 0 
142 5070 202 111 124 0 0 0 87 54 48 120 112 202 0 0 
143 6060 210 115 128 0 0 0 27 19 15 124 119 210 0 0 
144 6300 210 115 128 0 0 0 0 0 0 124 119 210 0 0 
145 6300 210 115 128 0 0 0 0 0 0 124 119 210 0 0 
146 6300 210 115 128 0 0 0 1 1 1 125 119 210 0 0 
147 6300 210 115 128 0 0 0 0 0 0 125 119 210 0 0 
148 6300 212 115 128 0 0 0 2 0 2 127 120 212 0 0 
149 6360 214 116 130 0 0 0 6 4 4 128 123 214 0 0 
150 6420 214 116 130 0 0 0 0 0 0 128 123 214 0 0 
151 6420 214 116 130 0 0 0 0 0 0 128 123 214 0 0 
152 6420 214 116 130 0 0 0 0 0 0 128 123 214 0 0 
153 6420 214 116 130 0 0 0 0 0 0 128 123 214 0 0 
154 6420 214 117 131 0 0 0 1 1 0 128 123 214 0 0 
155 6420 239 135 152 0 0 0 70 45 36 141 133 239 0 0 
156 7170 261 140 165 0 0 0 84 62 48 157 144 261 0 0 
157 7830 261 140 165 0 0 0 0 0 0 157 144 261 0 0 
158 7830 261 140 165 0 0 0 0 0 0 157 144 261 0 0 
159 7830 261 140 165 0 0 0 0 0 0 157 144 261 0 0 
160 7830 261 140 165 0 0 0 0 0 0 157 144 261 0 0 
161 7830 261 140 165 0 0 0 0 0 0 157 144 261 0 0 
162 7830 267 143 170 0 0 0 14 8 8 161 150 267 0 0 
163 8010 267 144 171 0 0 0 1 1 0 160 151 267 0 0 
164 8010 267 144 171 0 0 0 0 0 0 160 151 267 0 0 
165 8010 267 144 171 0 0 0 0 0 0 160 151 267 0 0 
166 8010 267 144 171 0 0 0 0 0 0 160 151 267 0 0 
167 8010 267 144 171 0 0 0 0 0 0 160 151 267 0 0 
168 8010 271 148 175 0 0 0 8 4 4 160 154 271 0 0 
169 8130 300 156 191 0 0 0 95 66 63 186 169 300 0 0 
170 9000 321 167 206 0 0 0 81 60 53 201 184 321 0 0 
171 9630 324 172 211 0 0 0 8 5 3 200 186 324 0 0 
172 9720 324 172 211 0 0 0 0 0 0 200 186 324 0 0 
173 9720 324 172 211 0 0 0 0 0 0 200 186 324 0 0 
174 9720 324 172 211 0 0 0 0 0 0 200 186 324 0 0 
175 9720 324 172 211 0 0 0 2 2 2 200 186 324 0 0 
176 9720 329 174 212 0 0 0 19 14 12 204 184 329 0 0 
177 9870 329 174 212 0 0 0 0 0 0 204 184 329 0 0 
178 9870 330 175 213 0 0 0 2 1 1 204 185 330 0 0 
179 9900 331 175 213 0 0 0 2 1 2 205 186 331 0 0 
180 9930 331 175 213 0 0 0 0 0 0 205 186 331 0 0 
181 9930 331 175 213 0 0 0 2 2 1 206 186 331 0 0 
182 9930 334 180 218 0 0 0 8 5 2 204 185 334 0 0 
183 10020 367 197 242 0 0 0 116 83 75 220 211 367 0 0 
184 11010 384 206 254 0 0 0 94 77 59 230 213 384 0 0 
185 11520 386 207 255 0 0 0 3 1 2 231 213 386 0 0 
186 11580 390 205 253 0 0 0 10 6 9 239 215 390 0 0 
187 11700 391 205 253 0 0 0 3 2 3 241 215 391 0 0 
188 11730 391 205 253 0 0 0 0 0 0 241 215 391 0 0 
189 11730 391 205 253 0 0 0 0 0 0 241 215 391 0 0 
190 11730 401 211 262 0 0 0 32 22 18 249 221 401 0 0 
191 12030 401 212 263 0 0 0 1 1 0 248 221 401 0 0 
192 12030 401 212 263 0 0 0 0 0 0 248 221 401 0 0 
193 12030 402 212 263 0 0 0 3 2 2 249 220 402 0 0 
194 12060 402 212 263 0 0 0 0 0 0 249 220 402 0 0 
195 12060 403 212 263 0 0 0 3 2 2 250 220 403 0 0 
196 12090 407 216 267 0 0 0 12 8 6 251 223 407 0 0 
197 12210 416 216 268 0 0 0 39 30 31 262 228 416 0 0 
198 12480 445 242 303 0 0 0 130 101 78 274 244 445 0 0 
199 13350 459 253 317 0 0 0 75 61 48 284 262 459 0 0 
